Peak center
13872
15154
17132
19830
25060
29052
31142
31950
35530
42272
58546
59456
73568
74372
82142
84246
85536
89272
95750
125758
144068
156434
157134
163352
167036
184464
188772
190956
226042
227066
234166
235634
237350
238336
246530
258446
259470
261032
271330
280152
280570
282836
284448
286658
287438
290038
292170
293730
294834
296432
302158
302552
306770
310734
311664
312342
313264
315238
317836
319448
320540
324556
328672
330970
335764
343340
349064
354052
359864
360468
362462
364268
366872
367932
380642
381164
384316
389160
392452
400570
401430
401766
405648
407754
419372
436648
451252
452948
455466
458934
476430
480370
483738
485830
489348
490270
492662
493444
501030
506742
510234
516066
516846
522328
525268
526856
528024
536742
538346
540844
544670
545846
557262
558242
560842
561762
563136
564544
566836
567952
569572
570946
572370
573668
574168
576360
577054
577870
578634
582848
583766
584850
589772
608970
611936
613832
617238
619764
621432
627258
635950
636838
641168
647530
651244
655668
660954
663640
664352
674240
675858
678742
682646
688634
689862
695246
707336
715848
717060
719732
720232
724768
728256
728638
734172
735642
736168
737356
741934
749646
751248
752344
753948
760758
763036
765072
770038
776330
783334
783862
784472
796758
802264
802730
805344
805870
819936
821358
825666
831234
844630
848470
861838
872230
873066
885652
889170
891936
915246
929366
933630
934832
940050
940756
945370
946370
951364
952266
953940
976644
986434
996982
997650
1005046
1020252
1021430
1022736
1048746
1049632
1050148
1054730
1063160
1064530
1067068
1070854
1074768
1084060
1088930
1091836
1102758
1110070
1118330
1120372
1129148
1130870
1140862
1165242
1168238
1169572
1179770
1180656
1195932
1196730
1197470
1198062
1209454
1210444
1211450
1213450
1214770
1215830
1218250
1218658
1219948
1222348
1229630
1237160
1245234
1246872
1250034
1255430
1271570
1277532
1278770
1284160
1285548
1292232
1298370
1307960
1309372
1311930
1312666
1313238
1314248
1325650
1331770
1332958
1333568
1341060
1341546
1344942
1352072
1363440
1366372
1393730
1394760
1403942
1432332
1433152
1434934
1455370
1456730
1460060
1463152
1466438
1470734
1471046
1471760
1473470
1476566
1493268
1509456
1512568
1513572
1515972
1519234
1525748
1526454
1528470
1529968
1533246
1541040
1542844
1544256
1554630
1557532
1565340
1570156
1577568
1580868
1581670
1583154
1584740
1585730
1590734
1596458
1602764
1614164
1616852
1620636
1621964
1622654
1625852
1629034
1631034
1631666
1635842
1636970
1639072
1644664
1649752
1651072
1656042
1662336
1667572
1668072
1669236
1669544
1671568
1672242
1673662
1690870
1698546
1702850
1706862
1708166
1718964
1731772
1732246
1735036
1744130
1749748
1752832
1753168
1755262
1758764
1767752
1773466
1776732
1783840
1785238
1787662
1789752
1792366
1794736
1801172
1802454
1802964
1804342
1811148
1816836
1817634
1819368
1823930
1830266
1842870
1850950
1855740
1856840
1857350
1868460
1873946
1875662
1881130
1885430
1891756
1899840
1901364
1903356
1906068
1908564
1913154
1936456
1944202
1945056
1950730
1954032
1956162
1959272
1962840
1963372
1968070
1977470
1984642
1986160
1986554
1993658
1994970
1997858
2005772
2006646
2009352
2010440
2012762
2021740
2022240
2031730
2033552
2039958
2051146
2054872
2055758
2064672
2066576
2067470
2068256
2069056
2070372
2097868
2099452
2100558
2102040
2104264
2105234
2106048
2106934
2107634
2108132
2111160
2112938
2121546
2127646
2135870
2149172
2153466
2158544
2166370
2169144
2175232
2177172
2179970
2182652
2189340
2190532
2193944
2195352
2202336
2218872
2223272
2226932
2227464
2231944
2237670
2242934
2253242
2257056
2258550
2266862
2282566
2286766
2287334
2292638
2298870
2301952
2302432
2304934
2311260
2340370
2342262
2349044
2350564
2362346
2363870
2376462
2380442
2381434
2383840
2384870
2386530
2388132
2392360
2399572
2403250
2405260
2414064
2419136
2429332
2430442
2435172
2447872
2454064
2461062
2462132
2467506
2468346
2471940
2478836
2479754
2481254
2483058
2488236
2488864
2491366
2492672
2494652
2496432
2500630
2503252
2508652
2515634
2520564
2521654
2523062
2526168
2528964
2530766
2539444
2545470
2547470
2554140
2558272
2562954
2567868
2568230
2570472
2574144
2580962
2583858
2589272
2612568
2627032
2627762
2628534
2631472
2645644
2651754
2654132
2655230
2677430
2687130
2698066
2712146
2726070
2730654
2734744
2739832
2748358
2755760
2756936
2758466
2771772
2772472
2780160
2781672
2783272
2784466
2785956
2786530
2793030
2795244
2796642
2802658
2806466
2809858
2811440
2813334
2817430
2820838
2823668
2825070
2835742
2841568
2845272
2847036
2849052
2856054
2857732
2858172
2876872
2882356
2885356
2892230
2893234
2893848
2895538
2897430
2898638
2902030
2903064
2903540
2925954
2931960
2932456
2946438
2947130
2947638
2971270
2980330
2985444
2986330
2987150
2989046
2993140
2995032
2996762
3003356
3004034
3005166
3006260
3013844
3029058
3035142
3041350
3049038
3056434
3066836
3075040
3077572
3086034
3089032
3096568
3098758
3099530
3109562
3111572
3113072
3113940
3117230
3132170
3134540
3142632
3144758
3154234
3160330
3167540
3170266
3174166
3181642
3183246
3184158
3185046
3186852
3188630
3190146
3190832
3192072
3199554
3203734
3204472
3209968
3216244
3217256
3219048
3225830
3228246
3231548
3244332
3250348
3250738
3251366
3254370
3256232
3264166
3265634
3266352
3267378
3268462
3272932
3279540
3282034
3285460
3308236
3312968
3313660
3319732
3320946
3355170
3359040
3360048
3372768
3383452
3396242
3396950
3411666
3416266
3416664
3418370
3423232
3424458
3436054
3437158
3446772
3447162
3453570
3465158
3468156
3481234
3491850
3495038
3497370
3503670
3509454
3514556
3518634
3521930
3524234
3526930
3527972
3530664
3536164
3537960
3539430
3540630
3545070
3546330
3551030
3553662
3556130
3566362
3579862
3581134
3582346
3582660
3595972
3597738
3598144
3601966
3603932
3606340
3607334
3614370
3617734
3619930
3621568
3622366
3630356
3630740
3631436
3632156
3632570
3635540
3636872
3638662
3649330
3649950
3651858
3652668
3654348
3654772
3656050
3656732
3662948
3663830
3665770
3667354
3670238
3686158
3694832
3702370
3714870
3718244
3720058
3722032
3725944
3729066
3732068
3742252
3744136
3748348
3749938
3752452
3753070
3755836
3760136
3760736
3762962
3764362
3765870
3767248
3767772
3776348
3785552
3787344
3788148
3791862
3794944
3797302
3798254
3798954
3800044
3800848
3802348
3802349
3824666
3830862
3834040
3834856
3836672
3841848
3847932
3851954
3853852
3854670
3858852
3868552
3869572
3876344
3886640
3893730
3904730
3909634
3920768
3938532
3942170
3943070
3948344
3976738
3984230
3985258
3985956
3993868
4000856
4001238
4016464
4033162
4035862
4042068
4044850
4048850
4049462
4060266
4067336
4074366
4077032
4078568
4084858
4091072
4092946
4107664
4109452
4110842
4120972
4123460
4131766
4138134
4148470
4155230
4165456
4166946
4182268
4191168
4191634
4199372
4202842
4204256
4210070
4213436
4215156
4218758
4220044
4220634
4226370
4229930
4233870
4235350
4240468
4246950
4249452
4256766
4258344
4259462
4259930
4266638
4267172
4270350
4272436
4273372
4275170
4276872
4280360
4281230
4286146
4292346
4302470
4303270
4304658
4305352
4308840
4309366
4311234
4314836
4324976
4329540
4336030
4337672
4338634
4347244
4350554
4352838
4357332
4358254
4360146
4363468
4368366
4370630
4372238
4372338
4378650
4378936
4381870
4385770
4401956
4407044
4408030
4409966
4417936
4418932
4425554
4426036
4430842
4435560
4450840
4457472
4460560
4473436
4474162
4475132
4477770
4478452
4486472
4492772
4495944
4496772
4498972
4500734
4502056
4503238
4504448
4508768
4510532
4515564
4534146
4534844
4537752
4538638
4539692
4540870
4545172
4548336
4551366
4554598
4560358
4563038
4570170
4574968
4575568
4578044
4578530
4579132
4583572
4584230
4589454
4601562
4617458
4619734
4633450
4638702
