-3.22276871883032
-3.38254205303234
-2.51637837125998
0.302201033914229
0.136815687373732
-0.317453954791369
-0.775007718110383
-0.987656946539012
-1.0860444455707
-0.350558448039002
0.330402900606979
0.251628996894729
0.438311981733297
0.619630400779427
1.03104369252125
0.103905155470657
-0.406161316504236
-0.235984870317179
-0.251910281620487
0.262369975531281
1.20576122619175
0.864364441532593
1.20270999437197
1.28740728993792
1.56281245534325
0.887324700333732
0.338732113604273
0.0233070610796347
-0.606890252192318
-0.883787941586728
-1.62321878781762
-1.0446662192089
-1.08021555718648
-0.319074701057027
0.465603146280122
1.28590055368351
0.65541602818605
0.635859028660903
-0.232314544065238
-1.68946270888811
-1.67220734322737
-1.57330927434088
-1.02981037689008
-0.404103139815801
1.92508480872339
1.56786488998798
1.17294083527013
0.149355144447791
-0.53502884574421
-1.62163291297186
-2.4733741053451
-2.47879770722871
-2.01855471822179
-0.928568923819513
-0.829770137679352
-0.7653048371287
0.683452850266721
0.120937561168519
-0.265692779438159
-1.43255926742994
-1.56440855832768
-1.17976277916854
0.112894251077368
1.07641578958827
1.3102902709369
1.0101815056263
0.674490759476595
1.09812449360591
0.667310648996064
0.0333637604807097
-0.519491771354968
0
0.279052868004952
-0.802757384453897
-0.912180094451459
-1.35754692543778
-2.87459428501415
-2.29200659246433
0.312686571811296
-0.241363177350305
-0.455203192912168
0.03767622509827
0.300641556346562
0.624988756092314
0.608828093298706
0.765933678460493
0.429461148795738
0.387674243462474
0.31159235087475
-0.027566917554593
0.319350751815546
0.43209228895515
-0.114632551825229
-0.175177472007268
0.175079874428193
0.702264399200653
0.915475639008275
1.36371502687466
0.975224708970955
0.881791917652804
0.6171009855055
-0.0598607086893878
-0.396959770237621
-0.131525358877973
-0.00819551618437352
0.50743508752489
0.896268409317776
1.83081925538566
1.82159936227624
2.0416481113547
1.49199177493096
0.950178830225269
0.789258859340292
-0.327280752344152
-0.367333725960969
-0.596634742515691
-0.39418670689974
-0.499095227501561
-0.69102597455456
-0.685164722616864
-0.884945578639103
0.0427032813932981
0.814517753039822
0.510368137090931
-0.064442834904707
-0.192918977043929
-0.195381247986672
-0.937712059124829
-1.28264303382138
-0.933684746142034
1.66877518258232
2.49870537579913
2.57568205298514
1.10058457460549
-0.0112402424383106
-0.19014716504935
-1.15792404246647
-3.22018790637266
-1.06418644993194
-0.577193767768404
-0.922202249029056
-0.963136390654989
-0.118575555644729
0.255772978350724
0.301294498056866
-1.59903410116955
-2.10375523501797
-1.43646544170957
-0.228747134607301
0.443220918956598
1.6797464439488
1.65495719865155
1.61189390628491
0.53863823904212
0.207126701923385
-0.128244312211524
-0.0430195833081543
-0.225298092095902
-0.140968987294003
0.730045280136339
0.78439399520221
-0.310797826507514
-3.82130344090115
-5.59205273393855
-2.88662547617314
-1.01254179157789
-0.835302951759195
0.318089584890783
0.310333260149823
0.410223363826732
0.594468417710758
0.487907592678991
0.593763619599113
0.606141245447615
0.219751439865176
-2.1082302213325
-1.79584479261929
-1.17945752081243
-0.537105547198082
-0.37150151909044
