0.674490759476595
-0.00150963697383807
-0.438360913966413
0.648165027513717
0.00150963697383807
-2.10175898165563
-2.49853781839296
-2.28637720441338
-2.08153581265945
-0.607833046542023
0.116081698554384
0.430575935483788
0.674490759476595
0.674490759476595
0.674490759476595
0.495981936246558
-0.25115474211065
-2.25129607520668
-2.51508005863605
-1.74464077559803
-1.77689355736112
-0.287757689799912
0.219060195659848
0.674490759476595
-0.115726197381459
-0.482029136714791
0.674490759476595
0.674490759476595
0.674490759476595
0.674490759476595
