-0.011052981788078
-0.245895505414544
-0.668670097669105
0.188638078820377
0.289040572720739
-1.41322060189327
-1.7895318789379
-1.37873592627908
-1.04082375913696
0.939275959813561
1.16417942884422
0.678373815534153
0.199549858569999
-0.0816069336702451
0.00636978084593309
-0.00636978084593265
0.0294014022297492
-1.5821774699201
-1.82604045043664
-0.595511752633182
-0.670607703419038
0.985009731158128
0.829522753144293
0.658519240015611
-0.0455062791714979
-0.144096680245
1.13962596326815
1.59484564613697
1.58587147213728
1.06246689380929
