-2.27297456815759
-1.77196854023012
-1.60595605759792
2.70712022154579
1.26300616848976
-0.602006157483332
-0.249165292585225
-0.254472000302092
-0.939532997826343
-0.0116565857400236
1.0331834177157
0.170568213628483
0.287679220795799
0.497003624264364
-0.466028633167445
-0.0831427817171867
1.14260309987192
0.669470502246842
0.0273955685317744
1.55401890080222
1.79060734808073
2.06240097374182
2.10536800387223
2.14784526062574
2.41105918237428
0.132348408165428
-0.257703243955401
0.342691261027212
-1.26700812368222
-0.423811190008483
-0.492193707890425
1.40173015155166
1.39605136961478
0.73419088960557
0.0662467583585742
1.9414762988908
-0.17042044638128
0.132098665473445
-0.892439753992237
-0.487928712793697
-0.616915926032427
-1.42198123068339
0.0361651071615011
1.07989955264813
4.15995202446802
3.03311913538136
0.419990581713325
-0.0321679508115826
0.426321329045394
-0.188222732018184
-1.33900154491179
-1.25713939851479
0.60264556919556
0.679511016706348
-0.695057823074695
-0.083676272633269
1.61258395639278
0.309939397747246
-1.11796090187715
-2.03704140208537
-1.41067284998092
-0.33539688567211
-0.0224775601512861
2.24402364629405
2.76877268845594
2.86431497399007
1.48456897451472
0.236856019036073
0.600375509888768
-0.263075405288407
-0.140342682267688
0.123298923204534
-0.302871596245214
-0.966413582037279
-0.532310645369498
-0.881176238035055
-1.33754945886493
-0.771678542362807
3.26326739823284
2.45759958131564
0.842026079980964
0.710311550788988
0.109501345652745
-0.869523974664994
-0.619979677908539
-0.144090637531174
-0.0293385855137219
1.16530606250062
1.0675471233532
0.489387895084852
-0.552576570139948
-0.726503627900951
-0.748604036685803
-1.23944550026253
-0.862625217511233
-0.292205844721878
0.195431567575913
1.43223925765797
1.5393371439369
-0.134811135768765
-0.844183453334926
-0.678917541851578
-0.988536916845662
-0.944240499530956
0.1041339541814
0.337415099903633
0.213059232194799
1.28523377943966
0.354679880752033
0.368316642577227
0.113072726682956
0.422702502327318
-0.506098243928044
-0.0686245132798757
-0.795802375890468
0.327429990661249
-0.0753671731375099
0.851184260276987
1.4980000202523
-0.0571394027426953
-0.74401308467026
-0.260358953665585
-0.35040745479662
-0.700915704709096
0.0104216598345566
-0.521495722074361
1.06431817966711
0.25549194704305
0.0984698814094924
0.322574804577288
2.08531286277105
1.10919882558257
-0.134791369369003
0.739510697069637
-0.287441506833226
-0.462892378682797
-0.328522199820841
-0.926119303413411
1.77618438046199
2.15003246032205
0.378877360293754
-0.670063977101612
-0.177799745337066
0.136954670768562
-0.150351644708918
-1.50893762173838
-1.2490927682898
-0.37250410649903
0.707116465945271
2.10218472400462
2.3347155759467
4.26936894881935
1.34706377190475
0.102724990839141
-0.119778472492162
-0.586783128565994
1.22775787297781
0.803150703156561
0.473708335199226
1.02210411675342
2.28970609798767
1.68643501789995
-1.0748266868994
-1.84839454309784
-0.865426410691879
0.147455200695252
-0.285680395038268
-0.0720412183107447
0.427040877398396
0.718897091140755
0.891440167847982
0.920238491979808
1.78722687937469
3.17164345515884
2.20002629633734
0.0210205638202803
-0.904676307921195
-0.666650791345175
-0.3632279355538
-0.733822017322356
